0 0.305208 0.362963 0.060417 0.103704
0 0.347917 0.689815 0.052083 0.050000
0 0.288542 0.526852 0.060417 0.105556
0 0.531250 0.454630 0.047917 0.061111
0 0.38333333333333336 0.26944444444444443 0.06041666666666667 0.10555555555555556
0 0.5114583333333333 0.5944444444444444 0.058333333333333334 0.1037037037037037
0 0.435937 0.688889 0.057292 0.103704
0 0.464583 0.282407 0.039583 0.061111
2 0.898438 0.786111 0.063542 0.194444
2 0.379167 0.544444 0.222917 0.307407
1 0.258854 0.676852 0.040625 0.075926
