0 0.343750 0.662963 0.058333 0.103704
0 0.288542 0.526852 0.060417 0.105556
0 0.5265625 0.43425925925925923 0.057291666666666664 0.10185185185185185
0 0.305729 0.362963 0.059375 0.103704
0 0.38333333333333336 0.26944444444444443 0.06041666666666667 0.10555555555555556
0 0.435937 0.688889 0.057292 0.103704
0 0.510417 0.593519 0.056250 0.101852
0 0.475 0.30092592592592593 0.058333333333333334 0.10185185185185185
2 0.757292 0.021296 0.029167 0.042593
2 0.520312 0.075926 0.128125 0.151852
1 0.358854 0.376852 0.042708 0.079630
