0 0.343750 0.662963 0.058333 0.103704
0 0.288542 0.526852 0.060417 0.105556
0 0.5265625 0.43425925925925923 0.057291666666666664 0.10185185185185185
0 0.292708 0.371296 0.035417 0.087037
0 0.395833 0.265741 0.033333 0.098148
0 0.435937 0.688889 0.057292 0.103704
0 0.5109375 0.5944444444444444 0.057291666666666664 0.1037037037037037
0 0.475 0.30092592592592593 0.058333333333333334 0.10185185185185185
2 0.330729 0.230556 0.101042 0.412963
2 0.673958 0.024074 0.020833 0.048148
1 0.364583 0.376852 0.031250 0.079630
