0 0.343229 0.662963 0.059375 0.103704
0 0.288542 0.526852 0.060417 0.105556
0 0.526042 0.433333 0.056250 0.100000
0 0.305208 0.362037 0.060417 0.101852
0 0.5114583333333333 0.5944444444444444 0.058333333333333334 0.1037037037037037
0 0.38333333333333336 0.26944444444444443 0.06041666666666667 0.10555555555555556
0 0.435417 0.688889 0.058333 0.103704
0 0.474479 0.299074 0.057292 0.101852
2 0.862500 0.391667 0.035417 0.079630
2 0.7015625 0.03796296296296296 0.040625 0.07592592592592592
1 0.547917 0.569444 0.039583 0.075926
