0 0.341667 0.663889 0.060417 0.105556
0 0.286458 0.526852 0.062500 0.105556
0 0.526563 0.433333 0.057292 0.100000
0 0.30364583333333334 0.36203703703703705 0.06145833333333333 0.10555555555555556
0 0.381771 0.266667 0.059375 0.103704
0 0.435417 0.690741 0.058333 0.103704
0 0.5114583333333333 0.5962962962962963 0.058333333333333334 0.1037037037037037
0 0.47552083333333334 0.29907407407407405 0.057291666666666664 0.10185185185185185
2 0.816667 0.240741 0.112500 0.133333
1 0.431250 0.241667 0.041667 0.075926
