0 0.343750 0.666667 0.060417 0.096296
0 0.288542 0.526852 0.060417 0.105556
0 0.5265625 0.43425925925925923 0.057291666666666664 0.10185185185185185
0 0.305208 0.362963 0.060417 0.103704
0 0.38333333333333336 0.26944444444444443 0.06041666666666667 0.10555555555555556
0 0.435937 0.688889 0.057292 0.103704
0 0.5109375 0.5944444444444444 0.057291666666666664 0.1037037037037037
0 0.474479 0.299074 0.057292 0.101852
2 0.821875 0.808333 0.064583 0.172222
2 0.738542 0.146296 0.043750 0.088889
1 0.365104 0.620370 0.042708 0.077778
