0 0.343229 0.663889 0.059375 0.105556
0 0.288021 0.526852 0.061458 0.105556
0 0.526563 0.433333 0.057292 0.100000
0 0.30572916666666666 0.362962962962963 0.06145833333333333 0.1037037037037037
0 0.5114583333333333 0.5944444444444444 0.058333333333333334 0.1037037037037037
0 0.382812 0.268519 0.059375 0.103704
0 0.435417 0.689815 0.058333 0.105556
0 0.474479 0.299074 0.057292 0.101852
2 0.899479 0.339815 0.046875 0.094444
2 0.682292 0.057407 0.041667 0.103704
1 0.547917 0.569444 0.039583 0.075926
