0 0.343229 0.662963 0.059375 0.103704
0 0.288542 0.526852 0.060417 0.105556
0 0.5270833333333333 0.43425925925925923 0.058333333333333334 0.10185185185185185
0 0.305208 0.362037 0.060417 0.101852
0 0.38333333333333336 0.26944444444444443 0.06041666666666667 0.10555555555555556
0 0.435937 0.688889 0.057292 0.103704
0 0.510938 0.593519 0.055208 0.101852
0 0.474479 0.299074 0.057292 0.101852
2 0.783854 0.069444 0.057292 0.138889
2 0.986979 0.244444 0.023958 0.125926
1 0.493229 0.531481 0.040625 0.074074
