0 0.343229 0.662963 0.059375 0.103704
0 0.288542 0.526852 0.060417 0.105556
0 0.526563 0.433333 0.057292 0.100000
0 0.30625 0.3638888888888889 0.06041666666666667 0.10555555555555556
0 0.38333333333333336 0.26944444444444443 0.06041666666666667 0.10555555555555556
0 0.435937 0.688889 0.057292 0.103704
0 0.510417 0.593519 0.056250 0.101852
0 0.474479 0.300000 0.057292 0.100000
2 0.33177083333333335 0.11203703703703703 0.109375 0.22407407407407406
2 0.733854 0.066667 0.113542 0.133333
1 0.392188 0.138889 0.019792 0.074074
