0 0.342187 0.663889 0.059375 0.105556
0 0.286979 0.526852 0.061458 0.105556
0 0.526563 0.433333 0.057292 0.100000
0 0.304167 0.361111 0.060417 0.103704
0 0.38229166666666664 0.2675925925925926 0.06041666666666667 0.10555555555555556
0 0.435417 0.689815 0.058333 0.105556
0 0.5114583333333333 0.5953703703703703 0.058333333333333334 0.10555555555555556
0 0.473958 0.298148 0.058333 0.100000
2 0.808854 0.203704 0.094792 0.114815
2 0.609896 0.026852 0.082292 0.053704
1 0.334896 0.603704 0.044792 0.077778
